00000000000000000000000001110001
00000000000000000000000001101111
00000000000000000000000001101001
00000000000000000000000001100110
00000000000000000000000000000000
00000000000000000000000000000000
00000000000000000000000000000000
00000000000000000000000001001011
00000000000000000000000000000000
00000000000000000000000000000000
00000000000000000000000000000000
00000000000000000000000000110010
00000000000000000000000000000011
00000000000000000000000000000000
11001010111111100000000000000001
00000000000000000000000001011010
11001010111111100000000000000010
11001010111111100000000000000001
00000000000000000000000001110110
11001010111111100000000000000010
11001010111111100000000000000001
00000000000000000000000001101101
11001010111111100000000000000010
00000000000000000000000001110111
00000000000000000000000011111110
00000000000000000000000001000101
00000000000000000000000001001010
00000000000000000000000000111000
11001010111111100000000000000001
11111111111111111111111111101111
11001010111111100000000000000010
00000000000000000000000001110111
10110001011010110000000010110101
00000000000000000000000001100110
00000000000000000000000010101010
00000000000000000000000010011000
11001010111111100000000000000001
11111111111111111111111111111010
11001010111111100000000000000010
00000000000000000000000001110111
10110001011010110000000010110101
00000000000000000000000001100110
00000000000000000000000010111000
00000000000000000000000010000101
00000000000000000000000001110111
10110001011010110000000010110101
00000000000000000000000001100110
00000000000000000000000010100110
00000000000000000000000001110011
11001010111111100000000000000001
11111111111111111111111111110000
11001010111111100000000000000010
00000000000000000000000001110111
10110001011010110000000010110101
00000000000000000000000001100110
00000000000000000000000010110000
11111111111111111111111111111011
00000000000000000000000001110111
10110001011010110000000010110101
00000000000000000000000001100110
00000000000000000000000010101000
00000000000000000000000010110100
00000000000000000000000001110111
00000000000000000000000011111110
00000000000000000000000001110001
00000000000000000000000001110000
00000000000000000000000001010011
11001010111111100000000000000001
11111111111111111111111111111100
11001010111111100000000000000010
00000000000000000000000001110111
10110001011010110000000010110101
00000000000000000000000001100110
00000000000000000000000010101100
11111111111111111111111111110111
00000000000000000000000001110111
00000000000000000000000011111110
00000000000000000000000010000001
00000000000000000000000001111001
00000000000000000000000001000110
00000000000000000000000001110111
00000000000000000000000011111110
00000000000000000000000010111000
00000000000000000000000010101010
00000000000000000000000001111000
11001010111111100000000000000001
11111111111111111111111111111101
11001010111111100000000000000010
11001010111111100000000000000001
11111111111111111111111111111101
11001010111111100000000000000010
00000000000000000000000001110111
10110001011010110000000010110101
00000000000000000000000001100110
00000000000000000000000010111010
00000000000000000000000010100100
00000000000000000000000001110111
10110001011010110000000010110101
00000000000000000000000001100110
00000000000000000000000010100111
00000000000000000000000010010010
11001010111111100000000000000001
11111111111111111111111111011110
11001010111111100000000000000010
00000000000000000000000001110111
00000000000000000000000011111110
00000000000000000000000011011000
00000000000000000000000010111101
00000000000000000000000001110010
11001010111111100000000000000001
11111111111111111111111111111110
11001010111111100000000000000010
11001010111111100000000000000001
11111111111111111111111111110100
11001010111111100000000000000010
11001010111111100000000000000001
11111111111111111111111111111111
11001010111111100000000000000010
00000000000000000000000001110111
00000000000000000000000011111110
00000000000000000000000001101101
00000000000000000000000001101011
00000000000000000000000001000001
11001010111111100000000000000001
11111111111111111111111111110110
11001010111111100000000000000010
00000000000000000000000001110111
10110001011010110000000010110101
00000000000000000000000001100110
00000000000000000000000010101110
11111111111111111111111111111010
00000000000000000000000001110111
10110001011010110000000010110101
00000000000000000000000001100110
00000000000000000000000010111010
11111111111111111111111111111100
11001010111111100000000000000001
11111111111111111111111111111101
11001010111111100000000000000010
11001010111111100000000000000001
11111111111111111111111111111101
11001010111111100000000000000010
